0
1
2
3
4
77637675350835876854607743763100243694558376039833978302269848430693654963547
7
39483261464355558285644502517512579535846767414027392565082112853474180287159
7340
77637675350835876854607743763100243694558376039833978302269848430693654963548
105543474486215910904914230473523466614396710592470921688051771232042472789855
14
7341
95294859735115626386257475938359025375523436519301279336645958456171815942908
18
19
39483261464355558285644502517512579535846767414027392565082112853474180287161
52771737243107955452457115236761733307198355296235460844025885616021236395711
105543474486215910904914230473523466614396710592470921688051771232042472791913
106170432792078913299037595867795684602521135084925117178417251533842309632392
105543474486215910904914230473523466614396710592470921688051771232042472789867
110981261014697554361304290438241796227895559875282840608937417770877735755011
39483261464355558285644502517512579535846767414027392565082112853474180287162
28
38818837675417938427303871881550121847279188019916989151134924215346827481146
74797630232915057348943966868030142897776888372961994633834332904430502245881
61755780926568637559237858671300217521743991821674967487710711470887002474632
78966522928711116571289005035025159071693534828054785130164225706948360574320
37
105543474486215910904914230473523466614396710592470921688051771232042472791416
39
77305463456367066925437428445119014850274586342778776595296254111629978560541
105543474486215910904914230473523466614396710592470921688051771232042472789884
105543474486215910904914230473523466614396710592470921688051771232042472789885
105543474486215910904914230473523466614396710592470921688051771232042472791422
105543474486215910904914230473523466614396710592470921688051771232042472791423
95294859735115626386257475938359025375523436519301279336645958456171815943890
54202372639013550338200982120159236312073829924669674964893864906255601237410
96548776346841631174504206726903461351772285504209670317376919059771489624849
79145352353199315932006988395449846947302969156609061895272723118227656211116
79145352353199315932006988395449846947302969156609061895272723118227656211117
79145352353199315932006988395449846947302969156609061895272723118227656211118
79145352353199315932006988395449846947302969156609061895272723118227656211120
9
57
14687
79145352353199315932006988395449846947302969156609061895272723118227656211126
79145352353199315932006988395449846947302969156609061895272723118227656211127
7719472615821079694904732333912527190217998977709370935963838933860875309328
7719472615821079694904732333912527190217998977709370935963838933860875309329
101017401318738005929232943471949037395025335033038135820117875617109275309704
52771737243107955452457115236761733307198355296235460844025885616021236394933
74
4791
106170432792078913299037595867795684602521135084925117178417251533842341870087
95294859735115626386257475938359025375523436519301279336645958456171815942897
79
56693337563003437446218818861732426020291386135230851162098750444697716348736
77637675350835876854607743763100243694558376039833978302269848430693654963544
597
598
3671
77637675350835876854607743763100243694558376039833978302269848430693654963549
56693337563003437446218818861732426020291386135230851162098750444697716349769
56693337563003437446218818861732426020291386135230851162098750444697716348746
101017401318738005929232943471949037395025335033038135820117875617109276317081
52771737243107955452457115236761733307198355296235460844025885616021236394899
77305463456367066925437428445119014850274586342778776595296254111629849609763
101017401318738005929232943471949037395025335033038135820117875617109276317086
42498615469082436440442991782211786041335953647577559751087862228542182782296
42498615469082436440442991782211786041335953647577559751087862228542182782297
33803171228513919274316948727372377942283792080283425228211081800947874838947
42498615469082436440442991782211786041335953647577559751087862228542182782301
42498615469082436440442991782211786041335953647577559751087862228542182782304
1835
77637675350835876854607743763100243694558376039833978302269848430693654963573
38841191353478963347393619801603207831730367310986273746773486391756739432439
114
115
42498615469082436440442991782211786041335953647577559751087862228542182719336
42498615469082436440442991782211786041335953647577559751087862228542182719337
77637675350835876854607743763100243694558376039833978302269848430693654963580
77637675350835876854607743763100243694558376039833978302269848430693654963581
42498615469082436440442991782211786041335953647577559751087862228542182782317
42498615469082436440442991782211786041335953647577559751087862228542182782318
42498615469082436440442991782211786041335953647577559751087862228542182782319
56693337563003437446218818861732426020291386135230851162098750444697716348539
42498615469082436440442991782211786041335953647577559751087862228542182719346
86242713400159816434894901935210166936780685400435707600778167226305422994341
113386675126006874892437637723464852040582772270461702324197500889395424638050
15438945231642159389809464667825054380435997955418741871927677867721750618658
15438945231642159389809464667825054380435997955418741871927677867721750618659
105543474486215910904914230473523466614396710592470921688051771232042472789865
3670
54202372639013550338200982120159236312073829924669674964893864906255601489282
56693337563003437446218818861732426020291386135230851162098750444697716349820
106170432792078913299037595867795684602521135084925117178417251533842309632393
84281913240212075438014050122724820580234169980938012441741734811967183017823
56693337563003437446218818861732426020291386135230851162098750444697716349824
42140956620106037719007025061362410290117084990469006220870867405983591508717
149
101017401318738005929232943471949037395025335033038135820117875617109276317137
101017401318738005929232943471949037395025335033038135820117875617109276317138
74797630232915057348943966868030142897776888372961994633834332904430502245858
113386675126006874892437637723464852040582772270461702324197500889395424638071
110981261014697554361304290438241796227895559875282840608937417770877719636178
158
86242713400159816434894901935210166936780685400435707600778167226305420979480
86242713400159816434894901935210166936780685400435707600778167226305420979482
113386675126006874892437637723464852040582772270461702324197500889395432697473
39483261464355558285644502517512579535846767414027392565082112853474180287153
77682382706957926694787239603206415663460734621972547493546972783513479069638
1194
74797630232915057348943966868030142897776888372961994633834332904430502239733
1197
7342
7343
39483261464355558285644502517512579535846767414027392565082112853474180287163
67606342457027838548633897454744755884567584160566850456422163601895749679061
74797630232915057348943966868030142897776888372961994633834332904430502239441
67606342457027838548633897454744755884567584160566850456422163601895749679063
4788
74797630232915057348943966868030142897776888372961994633834332904430502245886
4790
42140956620106037719007025061362410290117084990469006220870867405983591508705
38818837675417938427303871881550121847279188019916989151134924215346827481147
113386675126006874892437637723464852040582772270461702324197500889395432697493
42140956620106037719007025061362410290117084990469006220870867405983591508708
86242713400159816434894901935210166936780685400435707600778167226305422994226
42140956620106037719007025061362410290117084990469006220870867405983591508710
42140956620106037719007025061362410290117084990469006220870867405983591508711
29374
42140956620106037719007025061362410290117084990469006220870867405983591508715
38818837675417938427303871881550121847279188019916989151134924215346569579590
42140956620106037719007025061362410290117084990469006220870867405983591508719
38841191353478963347393619801603207831730367310986273746773486391756739436373
38841191353478963347393619801603207831730367310986273746773486391756739436374
96548776346841631174504206726903461351772285504209670317376919059771554100394
84997230938164872880885983564423572082671907295155119502175724457084365564595
77682382706957926694787239603206415663460734621972547493546972783513478864877
101017401318738005929232943471949037395025335033038135820117875617109276317195
77682382706957926694787239603206415663460734621972547493546972783513478864879
19154
84997230938164872880885983564423572082671907295155119502175724457084365564602
67606342457027838548633897454744755884567584160566850456422163601895749703672
67606342457027838548633897454744755884567584160566850456422163601895749703673
67606342457027838548633897454744755884567584160566850456422163601895749678077
84997230938164872880885983564423572082671907295155119502175724457084365564609
96548776346841631174504206726903461351772285504209670317376919059771554100399
39483261464355558285644502517512579535846767414027392565082112853474180287211
77682382706957926694787239603206415663460734621972547493546972783513478864878
106170432792078913299037595867795684602521135084925117178417251533842341870164
229
106170432792078913299037595867795684602521135084925117178417251533842341870166
106170432792078913299037595867795684602521135084925117178417251533842341870167
54202372639013550338200982120159236312073829924669674964893864906255601489268
84997230938164872880885983564423572082671907295155119502175724457084365438673
113386675126006874892437637723464852040582772270461702324197500889395432697034
113386675126006874892437637723464852040582772270461702324197500889395432697035
39483261464355558285644502517512579535846767414027392565082112853474180287227
52771737243107955452457115236761733307198355296235460844025885616021236394906
84997230938164872880885983564423572082671907295155119502175724457084365564634
84997230938164872880885983564423572082671907295155119502175724457084365564635
84997230938164872880885983564423572082671907295155119502175724457084365564636
52771737243107955452457115236761733307198355296235460844025885616021236394911
38818837675417938427303871881550121847279188019916989151134924215346827481772
84997230938164872880885983564423572082671907295155119502175724457084365564639
54202372639013550338200982120159236312073829924669674964893864906255601237411
117498
38818837675417938427303871881550121847279188019916989151134924215346827481773
299
52771737243107955452457115236761733307198355296235460844025885616021236394927
84281913240212075438014050122724820580234169980938012441741734811967183017822
52771737243107955452457115236761733307198355296235460844025885616021236395956
110981261014697554361304290438241796227895559875282840608937417770877719636164
86242713400159816434894901935210166936780685400435707600778167226305422994852
30877890463284318779618929335650108760871995910837483743855355735443501237316
30877890463284318779618929335650108760871995910837483743855355735443501237318
30877890463284318779618929335650108760871995910837483743855355735443501237319
52771737243107955452457115236761733307198355296235460844025885616021236394942
19155
19161
39572676176599657966003494197724923473651484578304530947636361559113828105558
39572676176599657966003494197724923473651484578304530947636361559113828105559
39572676176599657966003494197724923473651484578304530947636361559113828105560
76619
39572676176599657966003494197724923473651484578304530947636361559113828105563
84281913240212075438014050122724820580234169980938012441741734811967183017946
19420595676739481673696809900801603915865183655493136873386743195878369718187
86242713400159816434894901935210166936780685400435707600778167226305422994336
298
38818837675417938427303871881550121847279188019916989151134924215346827481774
86242713400159816434894901935210166936780685400435707600778167226305422994339
108404745278027100676401964240318472624147659849339349929787729812511202978511
96548776346841631174504206726903461351772285504209670317376919059771554100238
108404745278027100676401964240318472624147659849339349929787729812511202978508
39483261464355558285644502517512579535846767414027392565082112853474180287160
33803171228513919274316948727372377942283792080283425228211081800947874851780
96548776346841631174504206726903461351772285504209670317376919059771489624851
38818837675417938427303871881550121847279188019916989151134924215346827481786
79145352353199315932006988395449846947302969156609061895272723118227656179636
38818837675417938427303871881550121847279188019916989151134924215346827481790
1834
79145352353199315932006988395449846947302969156609061895272723118227656179641
56693337563003437446218818861732426020291386135230851162098750444697712319025
54202372639013550338200982120159236312073829924669674964893864906255601489254
56693337563003437446218818861732426020291386135230851162098750444697712319028
86242713400159816434894901935210166936780685400435707600778167226305422994878
86242713400159816434894901935210166936780685400435707600778167226305422994880
108404745278027100676401964240318472624147659849339349929787729812511202978536
108404745278027100676401964240318472624147659849339349929787729812511202978537
56693337563003437446218818861732426020291386135230851162098750444697712319035
113386675126006874892437637723464852040582772270461702324197500889395424638057
101017401318738005929232943471949037395025335033038135820117875617109275309708
38841191353478963347393619801603207831730367310986273746773486391756739534817
101017401318738005929232943471949037395025335033038135820117875617109275309710
2388
14680
33803171228513919274316948727372377942283792080283425228211081800947874839531
2394
2395
95294859735115626386257475938359025375523436519301279336645958456171815942911
78966522928711116571289005035025159071693534828054785130164225706948360574322
78966522928711116571289005035025159071693534828054785130164225706948360574323
54202372639013550338200982120159236312073829924669674964893864906255601489332
78966522928711116571289005035025159071693534828054785130164225706948360574325
78966522928711116571289005035025159071693534828054785130164225706948360574326
19420595676739481673696809900801603915865183655493136873386743195878369718186
79145352353199315932006988395449846947302969156609061895272723118227656179637
230
19420595676739481673696809900801603915865183655493136873386743195878369718190
38841191353478963347393619801603207831730367310986273746773486391756739432438
108404745278027100676401964240318472624147659849339349929787729812511202978565
9577
33803171228513919274316948727372377942283792080283425228211081800947874851836
33803171228513919274316948727372377942283792080283425228211081800947874839038
84281913240212075438014050122724820580234169980938012441741734811967183017410
77637675350835876854607743763100243694558376039833978302269848430693654962292
77637675350835876854607743763100243694558376039833978302269848430693654962294
110981261014697554361304290438241796227895559875282840608937417770877735755050
110981261014697554361304290438241796227895559875282840608937417770877735755051
106170432792078913299037595867795684602521135084925117178417251533842341870165
84281913240212075438014050122724820580234169980938012441741734811967183017417
56693337563003437446218818861732426020291386135230851162098750444697716348517
84281913240212075438014050122724820580234169980938012441741734811967183017421
84281913240212075438014050122724820580234169980938012441741734811967183017423
95294859735115626386257475938359025375523436519301279336645958456171815939834
58749
101017401318738005929232943471949037395025335033038135820117875617109276317136
84281913240212075438014050122724820580234169980938012441741734811967183017431
42140956620106037719007025061362410290117084990469006220870867405983591508911
84281913240212075438014050122724820580234169980938012441741734811967183017434
74797630232915057348943966868030142897776888372961994633834332904430502239440
77637675350835876854607743763100243694558376039833978302269848430693139159181
84281913240212075438014050122724820580234169980938012441741734811967183017439
77682382706957926694787239603206415663460734621972547493546972783513478872747
77682382706957926694787239603206415663460734621972547493546972783513478872748
77682382706957926694787239603206415663460734621972547493546972783513478872749
77305463456367066925437428445119014850274586342778776595296254111629978560852
917
77305463456367066925437428445119014850274586342778776595296254111629978560855
101017401318738005929232943471949037395025335033038135820117875617109276317394
54202372639013550338200982120159236312073829924669674964893864906255601489255
77305463456367066925437428445119014850274586342778776595296254111629978560861
39572676176599657966003494197724923473651484578304530947636361559113828089818
77305463456367066925437428445119014850274586342778776595296254111629978560863
39572676176599657966003494197724923473651484578304530947636361559113828089820
86242713400159816434894901935210166936780685400435707600778167226305422994237
101017401318738005929232943471949037395025335033038135820117875617109276317407
101017401318738005929232943471949037395025335033038135820117875617109276317408
108404745278027100676401964240318472624147659849339349929787729812511202474820
52771737243107955452457115236761733307198355296235460844025885616021236394932
19420595676739481673696809900801603915865183655493136873386743195878369767409
108404745278027100676401964240318472624147659849339349929787729812511202474823
78966522928711116571289005035025159071693534828054785130164225706948360574327
105543474486215910904914230473523466614396710592470921688051771232042472789823
19420595676739481673696809900801603915865183655493136873386743195878369716219
54202372639013550338200982120159236312073829924669674964893864906255601489283
74797630232915057348943966868030142897776888372961994633834332904430502239487
52771737243107955452457115236761733307198355296235460844025885616021236395708
78966522928711116571289005035025159071693534828054785130164225706948360574423
42140956620106037719007025061362410290117084990469006220870867405983591508973
95294859735115626386257475938359025375523436519301279336645958456171815939688
115792089237316195423570985008687907853269984665640564039457584007913129639934
458
96548776346841631174504206726903461351772285504209670317376919059771554100395
108404745278027100676401964240318472624147659849339349929787729812511202978665
96548776346841631174504206726903461351772285504209670317376919059771554100398
108404745278027100676401964240318472624147659849339349929787729812511202978668
108404745278027100676401964240318472624147659849339349929787729812511202978670
108404745278027100676401964240318472624147659849339349929787729812511202978671
108404745278027100676401964240318472624147659849339349929787729812511202978672
105543474486215910904914230473523466614396710592470921688051771232042472789798
77305463456367066925437428445119014850274586342778776595296254111629978560854
74797630232915057348943966868030142897776888372961994633834332904430502247844
95294859735115626386257475938359025375523436519301279336645958456171815939711
110981261014697554361304290438241796227895559875282840608937417770877735754132
110981261014697554361304290438241796227895559875282840608937417770877735754133
110981261014697554361304290438241796227895559875282840608937417770877735754134
38309
33803171228513919274316948727372377942283792080283425228211081800947874839530
78966522928711116571289005035025159071693534828054785130164225706948360574454
105543474486215910904914230473523466614396710592470921688051771232042472789812
86242713400159816434894901935210166936780685400435707600778167226305422994853
86242713400159816434894901935210166936780685400435707600778167226305420979485
54202372639013550338200982120159236312073829924669674964893864906255601489334
54202372639013550338200982120159236312073829924669674964893864906255601489335
54202372639013550338200982120159236312073829924669674964893864906255601489336
101017401318738005929232943471949037395025335033038135820117875617109275309709
54202372639013550338200982120159236312073829924669674964893864906255601489342
19420595676739481673696809900801603915865183655493136873386743195878369767408
115792089237316195423570985008687907853269984665640564039457584007913129639924
9580
108404745278027100676401964240318472624147659849339349929787729812511202474822
38841191353478963347393619801603207831730367310986273746773486391756739534819
115792089237316195423570985008687907853269984665640564039457584007913129639930
115792089237316195423570985008687907853269984665640564039457584007913129639933
115792089237316195423570985008687907853269984665640564039457584007913129639935
